start1, 1
visit1, 1
11000
00000
00000
00000
00000
visit1, 2
11100
00000
00000
00000
00000
visit1, 3
11100
00000
00000
00000
00000
start1, 4
visit1, 4
11111
00010
00000
00000
00000
visit1, 5
11111
00011
00000
00000
00000
visit2, 4
11111
00111
00000
00000
00000
visit2, 5
11111
00111
00000
00000
00000
visit2, 3
11111
00111
00100
00000
00000
visit3, 3
11111
00111
01100
00000
00000
visit3, 2
11111
00111
11100
01000
00000
visit4, 2
11111
00111
11100
11000
00000
visit3, 1
11111
00111
11100
11000
00000
visit4, 1
11111
00111
11100
11000
00000
start2, 1
visit2, 1
11111
11111
11100
11000
00000
visit2, 2
11111
11111
11100
11000
00000
start3, 4
visit3, 4
11111
11111
11111
11010
00000
visit3, 5
11111
11111
11111
11011
00000
visit4, 4
11111
11111
11111
11111
00010
visit4, 5
11111
11111
11111
11111
00011
visit5, 4
11111
11111
11111
11111
00111
visit4, 3
11111
11111
11111
11111
00111
visit5, 5
11111
11111
11111
11111
00111
visit5, 3
11111
11111
11111
11111
01111
visit5, 2
11111
11111
11111
11111
11111
visit5, 1
11111
11111
11111
11111
11111
4
